Table: hits: 

   hit_id          x         y       z  volume_id  layer_id  module_id
0       1 -82.266602 -11.01350 -1502.5          7         2          1
1       2 -73.507301   2.31482 -1502.5          7         2          1
2       3 -93.118103   1.07235 -1502.5          7         2          1
3       4 -83.612801  -6.85632 -1502.5          7         2          1
4       5 -95.914497  -9.27897 -1502.5          7         2          1

 

Table: cells: 

   hit_id  ch0   ch1     value
0       1  258   940  0.173015
1       1  258   939  0.148917
2       2    6   766  0.222832
3       2    6   765  0.092519
4       3    0  1115  0.376085

 

Table: particles: 

        particle_id        vx        vy       vz  ...        py        pz  q  nhits
0  4504080663707648  0.003713 -0.007976 -2.49045  ...  3.423070 -9.789720  1      6
1  4504149383184384  0.003713 -0.007976 -2.49045  ...  2.193670 -4.036440 -1      9
2  4504218102661120  0.003713 -0.007976 -2.49045  ... -0.440157 -0.288384  1     12
3  4504286822137856  0.003713 -0.007976 -2.49045  ... -0.559339  6.364880  1     11
4  4504355541614592  0.003713 -0.007976 -2.49045  ...  0.061912 -0.050656  1      0

[5 rows x 9 columns]

 

Table: truth: 

   hit_id         particle_id         tx  ...       tpy       tpz    weight
0       1  837672004592074752 -82.265800  ... -0.072360  -6.86138  0.000007
1       2  211671587668099072 -73.498398  ...  0.028518 -29.93840  0.000020
2       3  432362331779891200 -93.109398  ... -0.018880  -4.34794  0.000007
3       4  423342556860907520 -83.610100  ... -0.008981  -7.53319  0.000009
4       5  337771209003368448 -95.899200  ... -0.024256  -8.81923  0.000010

[5 rows x 9 columns]

 

